	FID	OBJECTID	AREA	PERIMETER	STATE	COUNTY	TRACT	CT_ID	LOGRECNO	BLK_COUNT	DRY_PCT	DRY_ACRES	DRY_SQMI	DRY_SQKM	SHAPE_AREA	SHAPE_LEN	HOODS_PD_I	Nbhd	NbhdCRM	NSA_ID_1	NSA_NAME	UniqueID	UniqueID_1	CT_ID_1	Nbhd_1	B19013_Med	WALKABILIT	Quality_of	TRACT-formatted
0	boston_income_73g.1	1022	2331282.49	8999.064	25	25	100	25025000100	15167	63	0.9214	530.82	0.829	2.148	2331289.03	8999.059112	11	Allston-Brighton	Allston-Brighton	1	Allston	0	1	25025000100.0	Allston-Brighton	56849	3.616968	10.188071	000100
1	boston_income_73g.2	1023	595260.387	3973.099	25	25	201	25025000201	15172	30	1.0	147.09	0.23	0.595	595259.2041	3973.069788	11	Allston-Brighton	Allston-Brighton	2A	Brighton - Oak Square	0	2	25025000201.0	Allston-Brighton	67957	4.412536	11.655796	000201
2	boston_income_73g.3	1026	646930.4	3746.924	25	25	302	25025000302	15187	13	0.9463	151.28	0.236	0.612	646929.0907	3746.917323	11	Allston-Brighton	Allston-Brighton	2A	Brighton - Oak Square	0	3	25025000302.0	Allston-Brighton	84400	3.852583	13.631253	000302
3	boston_income_73g.4	1029	460645.205	3783.531	25	25	501	25025000501	15199	37	1.0	113.83	0.178	0.461	460643.6179	3783.518138	11	Allston-Brighton	Allston-Brighton	3B	Commonwealth - Cleveland Cir	0	4	25025000501.0	Allston-Brighton	45821	5.477832	9.553463	000501
4	boston_income_73g.5	1032	603325.381	3652.005	25	25	602	25025000602	15216	13	1.0	149.08	0.233	0.603	603323.4131	3651.996509	11	Allston-Brighton	Allston-Brighton	2B	Brighton - St Elizabeth's	0	5	25025000602.0	Allston-Brighton	36458	3.746761	6.027299	000602
5	boston_income_73g.6	1034	420837.713	3160.039	25	25	702	25025000702	15226	37	1.0	103.99	0.162	0.421	420838.8771	3160.054878	11	Allston-Brighton	Allston-Brighton	3A	Commonwealth - Kelton St	0	6	25025000702.0	Allston-Brighton	41463	9.015345	7.478542	000702
6	boston_income_73g.7	1037	493989.331	3398.83	25	25	10101	25025010101	15241	52	0.6901	84.23	0.132	0.341	493988.0141	3398.845226	12	Fenway	Boston	28	Kenmore	0	7	25025010101.0	Fenway	52222	5.634118	10.940669	010101
7	boston_income_73g.8	1040	264514.641	3129.24	25	25	10202	25025010202	15256	17	1.0	65.36	0.102	0.265	264511.3648	3129.255648	12	Fenway	Boston	28	Kenmore	0	8	25025010202.0	Fenway	36927	6.323981	9.870046	010202
8	boston_income_73g.9	1042	230107.394	2239.069	25	25	10401	25025010401	15263	14	1.0	56.86	0.089	0.23	230109.4012	2239.068091	12	Fenway	Boston	27	Fenway	0	9	25025010401.0	Fenway	28235	9.626002	10.992887	010401
9	boston_income_73g.10	1044	211204.144	2018.284	25	25	10500	25025010500	15272	17	1.0	52.19	0.082	0.211	211204.3252	2018.275355	16	Back Bay	Boston	27	Fenway	0	10	25025010500.0	Back Bay	39538	6.12705	11.11372	010500
10	boston_income_73g.11	1047	736070.941	4211.089	25	25	10800	25025010800	15286	38	0.5439	98.92	0.155	0.4	736072.3297	4211.084309	16	Back Bay	Boston	4C	Back Bay West	0	11	25025010800.0	Back Bay	91518	5.192428	13.837881	010800
11	boston_income_73g.12	1049	106366.399	1668.001	25	25	20200	25025020200	15298	19	1.0	26.28	0.041	0.106	106366.2918	1667.988276	15	Beacon Hill	Boston	4A	Beacon Hill	0	12	25025020200.0	Beacon Hill	57468	14.679487	12.865194	020200
12	boston_income_73g.13	1052	75585.662	1413.267	25	25	30200	25025030200	15309	19	1.0	18.68	0.029	0.076	75586.7182	1413.253535	17	Financial District	Boston	48	North End/Waterfront	0	13	25025030200.0	Financial District	54141	14.727636	11.776351	030200
13	boston_income_73g.14	1055	207360.31	3884.518	25	25	30500	25025030500	15319	26	0.9691	49.66	0.078	0.201	207363.7968	3884.540815	17	Financial District	Boston	48	North End/Waterfront	0	14	25025030500.0	Financial District	101340	9.073686	15.312312	030500
14	boston_income_73g.15	1056	257921.323	2682.151	25	25	40100	25025040100	15323	31	1.0	63.73	0.1	0.258	257920.8787	2682.138124	13	Charlestown	Charlestown	6	Thompson Sq/Bunker Hill	0	15	25025040100.0	Charlestown	108269	8.155302	15.363085	040100
15	boston_income_73g.16	1057	140499.551	2202.022	25	25	40200	25025040200	15326	34	1.0	34.72	0.054	0.14	140499.5282	2202.031319	13	Charlestown	Charlestown	6	Thompson Sq/Bunker Hill	0	16	25025040200.0	Charlestown	49918	9.240007	8.924104	040200
16	boston_income_73g.17	1058	270279.742	2952.509	25	25	40300	25025040300	15329	45	1.0	66.79	0.104	0.27	270279.6585	2952.492376	13	Charlestown	Charlestown	6	Thompson Sq/Bunker Hill	0	17	25025040300.0	Charlestown	108709	11.106767	14.916751	040300
17	boston_income_73g.18	1059	455285.905	4313.647	25	25	40400	25025040400	15335	42	0.9359	105.3	0.165	0.426	455285.5876	4313.635801	13	Charlestown	Charlestown	6	Thompson Sq/Bunker Hill	0	18	25025040400.0	Charlestown	58567	5.189542	13.594468	040400
18	boston_income_73g.19	1062	286377.193	3334.371	25	25	50100	25025050100	15346	19	1.0	70.77	0.111	0.286	286376.4964	2873.193556	14	East Boston	East Boston	24	Eagle Hill	0	19	25025050100.0	East Boston	30473	6.346266	7.2154	050100
19	boston_income_73g.20	1063	249652.698	2949.199	25	25	50200	25025050200	15350	17	1.0	61.69	0.096	0.25	249653.0017	2925.645547	14	East Boston	East Boston	24	Eagle Hill	0	20	25025050200.0	East Boston	49889	7.847726	4.282746	050200
20	boston_income_73g.21	1065	131305.767	1708.09	25	25	50400	25025050400	15358	14	1.0	32.45	0.051	0.131	131305.0589	1708.094458	14	East Boston	East Boston	26	Jeffries Point/Airport	0	21	25025050400.0	East Boston	50304	8.422944	8.34243	050400
21	boston_income_73g.22	1066	118709.934	1444.855	25	25	50500	25025050500	15361	8	1.0	29.33	0.046	0.119	118709.4773	1386.555712	14	East Boston	East Boston	26	Jeffries Point/Airport	0	22	25025050500.0	East Boston	37274	7.143408	7.156281	050500
22	boston_income_73g.23	1071	2445494.15	8859.752	25	25	51100	25025051100	15378	53	0.9983	603.26	0.943	2.441	2445491.26	8237.024295	14	East Boston	East Boston	25	Harbor View/Orient Heights	0	23	25025051100.0	East Boston	58290	2.795876	10.276031	051100
23	boston_income_73g.24	1074	180865.701	2448.511	25	25	60200	25025060200	15392	18	1.0	44.69	0.07	0.181	180866.1258	2448.514648	5	South Boston	South Boston	56	City Point	0	24	25025060200.0	South Boston	82188	6.14113	15.378097	060200
24	boston_income_73g.25	1075	289730.844	2859.64	25	25	60300	25025060300	15395	24	1.0	71.59	0.112	0.29	289730.5461	2859.651857	5	South Boston	South Boston	60	Telegraph Hill	0	25	25025060300.0	South Boston	83178	5.193899	15.392593	060300
25	boston_income_73g.26	1079	125075.308	1430.968	25	25	60700	25025060700	15414	16	1.0	30.91	0.048	0.125	125075.7422	1430.980998	5	South Boston	South Boston	58	D Street/West Broadway	0	26	25025060700.0	South Boston	19250	6.660024	7.752944	060700
26	boston_income_73g.27	1081	177155.12	1886.611	25	25	61000	25025061000	15422	20	1.0	43.78	0.068	0.177	177155.4482	1886.620209	5	South Boston	South Boston	57	Columbus Park/Andrew Sq	0	27	25025061000.0	South Boston	23963	6.503622	3.677063	061000
27	boston_income_73g.28	1084	1244987.366	6047.135	25	25	70100	25025070100	15433	126	0.9977	306.93	0.48	1.242	1244988.749	6047.131251	17	Financial District	Boston	21	Downtown/Central/West End	0	28	25025070100.0	Financial District	46591	8.495823	7.321325	070100
28	boston_income_73g.29	1087	239237.531	2254.708	25	25	70400	25025070400	15445	30	1.0	59.12	0.092	0.239	239237.4904	2254.695467	3	South End	Boston	61B	South End - Shawmut	0	29	25025070400.0	South End	16486	6.098812	8.046421	070400
29	boston_income_73g.30	1089	133309.243	1716.189	25	25	70600	25025070600	15452	10	1.0	32.94	0.051	0.133	133309.4613	1716.190108	3	South End	Boston	61A	South End - Columbus	0	30	25025070600.0	South End	94250	5.96439	14.839586	070600
30	boston_income_73g.31	1091	194928.39	1896.318	25	25	70800	25025070800	15458	19	1.0	48.17	0.075	0.195	194926.2536	1896.298735	3	South End	Boston	61A	South End - Columbus	0	31	25025070800.0	South End	54466	6.955792	10.519587	070800
31	boston_income_73g.32	1094	432542.258	3445.83	25	25	71200	25025071200	15469	30	1.0	106.88	0.167	0.433	432543.827	3445.835477	3	South End	Boston	61C	South End - Harrison Lenox	0	32	25025071200.0	South End	35360	4.147449	6.643784	071200
32	boston_income_73g.33	1097	318182.349	2808.044	25	25	80400	25025080400	15479	31	1.0	78.62	0.123	0.318	318182.411	2808.041725	4	Roxbury	Roxbury	53	Lower Roxbury	0	33	25025080400.0	Roxbury	28750	4.825532	7.945179	080400
33	boston_income_73g.34	1100	161496.226	1765.183	25	25	80800	25025080800	15490	17	1.0	39.91	0.062	0.161	161495.1246	1765.184847	6	Mission Hill	Mission Hill	46	Mission Hill Projects	0	34	25025080800.0	Mission Hill	19000	5.355417	10.419623	080800
34	boston_income_73g.35	1024	590255.484	3929.832	25	25	202	25025000202	15177	26	1.0	145.86	0.228	0.59	590256.2189	3929.825335	11	Allston-Brighton	Allston-Brighton	2A	Brighton - Oak Square	0	35	25025000202.0	Allston-Brighton	67957	4.613803	11.49349	000202
35	boston_income_73g.36	1025	661436.053	4091.818	25	25	301	25025000301	15182	25	0.964	157.55	0.246	0.638	661435.7448	4091.796865	11	Allston-Brighton	Allston-Brighton	2A	Brighton - Oak Square	0	36	25025000301.0	Allston-Brighton	79920	3.79782	14.127682	000301
36	boston_income_73g.37	1027	442256.76	2914.109	25	25	401	25025000401	15190	20	1.0	109.28	0.171	0.442	442257.0324	2914.094417	11	Allston-Brighton	Allston-Brighton	2B	Brighton - St Elizabeth's	0	37	25025000401.0	Allston-Brighton	45155	5.116847	11.529124	000401
37	boston_income_73g.38	1028	808066.762	3638.454	25	25	402	25025000402	15195	25	1.0	199.68	0.312	0.808	808065.2169	3638.44687	11	Allston-Brighton	Allston-Brighton	2B	Brighton - St Elizabeth's	0	38	25025000402.0	Allston-Brighton	79757	3.509522	14.303591	000402
38	boston_income_73g.39	1030	1204211.316	5610.98	25	25	502	25025000502	15206	26	0.7651	227.66	0.356	0.921	1204216.188	5610.978853	11	Allston-Brighton	Allston-Brighton	3B	Commonwealth - Cleveland Cir	0	39	25025000502.0	Allston-Brighton	53663	2.441228	9.068416	000502
39	boston_income_73g.40	1031	505371.209	4741.424	25	25	601	25025000601	15211	38	1.0	124.88	0.195	0.505	505368.7144	4741.404855	11	Allston-Brighton	Allston-Brighton	2A	Brighton - Oak Square	0	40	25025000601.0	Allston-Brighton	62198	5.147402	11.63045	000601
40	boston_income_73g.41	1033	221166.879	2163.811	25	25	701	25025000701	15220	23	1.0	54.65	0.085	0.221	221167.6845	2163.822333	11	Allston-Brighton	Allston-Brighton	3A	Commonwealth - Kelton St	0	41	25025000701.0	Allston-Brighton	55773	8.770352	8.407557	000701
41	boston_income_73g.42	1035	1491173.443	7409.137	25	25	801	25025000801	15233	26	0.8966	330.39	0.516	1.337	1491172.34	7409.133061	11	Allston-Brighton	Allston-Brighton	1	Allston	0	42	25025000801.0	Allston-Brighton	23171	2.400354	9.478482	000801
42	boston_income_73g.43	1036	963393.703	6259.835	25	25	802	25025000802	15236	55	1.0	238.06	0.372	0.963	963392.5423	6259.829878	11	Allston-Brighton	Allston-Brighton	1	Allston	0	43	25025000802.0	Allston-Brighton	40991	5.301851	6.455747	000802
43	boston_income_73g.44	1038	448997.438	3091.543	25	25	10102	25025010102	15247	24	0.8523	94.57	0.148	0.383	448996.3273	3091.538658	12	Fenway	Boston	28	Kenmore	0	44			0	0.0	0.0	010102
44	boston_income_73g.45	1039	554310.146	4224.8	25	25	10201	25025010201	15251	33	0.9557	130.9	0.205	0.53	554313.9012	4224.79295	12	Fenway	Boston	29	West Fens	0	45	25025010201.0	Fenway	43957	5.815658	9.91506	010201
45	boston_income_73g.46	1041	791163.825	5250.274	25	25	10300	25025010300	15260	31	1.0	195.5	0.305	0.791	791156.9821	5250.260141	12	Fenway	Boston	45	Medical Center Area	0	46	25025010300.0	Fenway	15956	3.943975	4.608899	010300
46	boston_income_73g.47	1043	479911.75	5715.843	25	25	10402	25025010402	15268	21	0.95	112.66	0.176	0.456	479914.2213	5715.837508	12	Fenway	Boston	27	Fenway	0	47	25025010402.0	Fenway	14722	4.312066	10.553086	010402
47	boston_income_73g.48	1045	348261.305	3080.249	25	25	10600	25025010600	15276	18	1.0	86.06	0.134	0.348	348261.4869	3080.266515	16	Back Bay	Boston	4D	Prudential/St Botolph	0	48	25025010600.0	Back Bay	78523	7.508899	12.274003	010600
48	boston_income_73g.49	1046	500648.567	3843.226	25	25	10700	25025010700	15279	37	1.0	123.71	0.193	0.501	500648.8882	3843.220093	16	Back Bay	Boston	4B	Back Bay East	0	49	25025010700.0	Back Bay	87464	10.98751	14.024741	010700
49	boston_income_73g.50	1048	441921.486	3157.717	25	25	20100	25025020100	15293	39	0.7421	81.04	0.127	0.328	441924.1291	3157.70785	16	Back Bay	Boston	4A	Beacon Hill	0	50	25025020100.0	Back Bay	102669	6.833739	19.12919	020100
50	boston_income_73g.51	1050	1014716.733	4891.324	25	25	20300	25025020300	15302	66	0.8288	207.8	0.325	0.841	1014716.198	4891.312104	16	Back Bay	Boston	21	Downtown/Central/West End	0	51	25025020300.0	Back Bay	81397	5.198139	13.180678	020300
51	boston_income_73g.52	1051	75818.73	1201.12	25	25	30100	25025030100	15306	16	1.0	18.74	0.029	0.076	75818.5734	1201.110591	17	Financial District	Boston	48	North End/Waterfront	0	52	25025030100.0	Financial District	52321	15.255092	10.802389	030100
52	boston_income_73g.53	1067	174478.86	2001.172	25	25	50600	25025050600	15363	26	1.0	43.11	0.067	0.174	174479.2615	1865.336907	14	East Boston	East Boston	23	Central-Maverick Sq/Paris St	0	58	25025050600.0	East Boston	43304	6.541368	8.983482	050600
53	boston_income_73g.54	1068	267647.348	2695.61	25	25	50700	25025050700	15366	19	1.0	66.14	0.103	0.268	267646.3976	2528.049206	14	East Boston	East Boston	23	Central-Maverick Sq/Paris St	0	59	25025050700.0	East Boston	55102	6.577271	7.377496	050700
54	boston_income_73g.55	1053	735925.644	6794.168	25	25	30300	25025030300	15311	82	1.0	181.85	0.284	0.736	735926.8727	6794.127163	17	Financial District	Boston	21	Downtown/Central/West End	0	53	25025030300.0	Financial District	100993	9.079816	14.170286	030300
55	boston_income_73g.56	1054	108536.588	1865.508	25	25	30400	25025030400	15316	20	1.0	26.82	0.042	0.109	108535.574	1865.507764	17	Financial District	Boston	48	North End/Waterfront	0	54	25025030400.0	Financial District	65375	12.508383	14.464283	030400
56	boston_income_73g.57	1060	1349944.547	9201.036	25	25	40600	25025040600	15338	81	0.9955	332.09	0.519	1.344	1349941.954	9201.002319	13	Charlestown	Charlestown	5	Medford St/The Neck	0	55	25025040600.0	Charlestown	97250	4.319437	14.541768	040600
57	boston_income_73g.58	1061	957210.178	10984.955	25	25	40800	25025040800	15342	35	0.976	230.86	0.361	0.934	957217.3496	10984.95333	13	Charlestown	Charlestown	6	Thompson Sq/Bunker Hill	0	56	25025040800.0	Charlestown	38672	3.751413	7.816872	040800
58	boston_income_73g.59	1064	343198.865	6595.777	25	25	50300	25025050300	15355	14	1.0	84.81	0.133	0.343	343200.6633	6595.790296	14	East Boston	East Boston	23	Central-Maverick Sq/Paris St	0	57	25025050300.0	East Boston	16445	3.465067	5.103721	050300
59	boston_income_73g.60	1069	557078.54	5672.457	25	25	50900	25025050900	15370	43	1.0	137.66	0.215	0.557	557075.7912	5645.16025	14	East Boston	East Boston	24	Eagle Hill	0	60	25025050900.0	East Boston	40370	4.366248	5.817108	050900
60	boston_income_73g.61	1070	1078408.57	6500.157	25	25	51000	25025051000	15374	42	0.9998	266.43	0.416	1.078	1078408.712	6207.201325	14	East Boston	East Boston	25	Harbor View/Orient Heights	0	61	25025051000.0	East Boston	43813	3.501178	10.667928	051000
61	boston_income_73g.62	1072	7052699.346	21540.678	25	25	51200	25025051200	15383	40	0.8542	1488.72	2.326	6.025	7052694.406	21382.04186	14	East Boston	East Boston	26	Jeffries Point/Airport	0	62	25025051200.0	East Boston	42089	1.932005	11.527257	051200
62	boston_income_73g.63	1073	1238842.857	9150.596	25	25	60100	25025060100	15387	31	1.0	306.12	0.478	1.239	1238839.397	9150.621893	5	South Boston	South Boston	56	City Point	0	63	25025060100.0	South Boston	69794	2.596482	17.241127	060100
63	boston_income_73g.64	1076	457055.777	3100.363	25	25	60400	25025060400	15400	37	1.0	112.94	0.176	0.457	457057.9999	3100.38224	5	South Boston	South Boston	60	Telegraph Hill	0	64	25025060400.0	South Boston	68800	5.329297	14.418882	060400
64	boston_income_73g.65	1077	980032.693	6515.758	25	25	60500	25025060500	15406	37	1.0	242.17	0.378	0.98	980028.9789	6515.733921	5	South Boston	South Boston	58	D Street/West Broadway	0	65	25025060500.0	South Boston	85385	3.210278	14.286327	060500
65	boston_income_73g.66	1088	302005.239	2842.679	25	25	70500	25025070500	15447	42	1.0	74.63	0.117	0.302	302004.0954	2842.684772	3	South End	Boston	61B	South End - Shawmut	0	72	25025070500.0	South End	66250	9.690297	11.826141	070500
66	boston_income_73g.67	1078	1741755.09	11555.267	25	25	60600	25025060600	15412	65	1.0	430.4	0.672	1.742	1741753.85	11221.71454	5	South Boston	South Boston	58	D Street/West Broadway	0	66	25025060600.0	South Boston	76328	3.213495	13.217057	060600
67	boston_income_73g.68	1080	337622.122	2834.839	25	25	60800	25025060800	15417	49	1.0	83.43	0.13	0.338	337622.9491	2834.851424	5	South Boston	South Boston	58	D Street/West Broadway	0	67	25025060800.0	South Boston	73818	6.239485	13.318237	060800
68	boston_income_73g.69	1082	569292.126	3917.49	25	25	61100	25025061100	15426	20	1.0	140.68	0.22	0.569	569290.614	3917.501298	5	South Boston	South Boston	57	Columbus Park/Andrew Sq	0	68	25025061100.0	South Boston	10250	2.859196	6.793771	061100
69	boston_income_73g.77	1096	271521.433	2648.085	25	25	80300	25025080300	15476	17	1.0	67.09	0.105	0.272	271520.2109	2648.076807	4	Roxbury	Roxbury	54	Sav-Mor	0	77	25025080300.0	Roxbury	27667	4.805826	5.622949	080300
70	boston_income_73g.70	1083	1833112.291	7876.789	25	25	61200	25025061200	15429	98	1.0	452.97	0.708	1.833	1833111.678	7876.775651	5	South Boston	South Boston	58	D Street/West Broadway	0	69	25025061200.0	South Boston	84259	3.041686	13.032926	061200
71	boston_income_73g.71	1085	275471.37	2399.399	25	25	70200	25025070200	15437	33	1.0	68.07	0.106	0.275	275471.878	2399.4064	17	Financial District	Boston	7	Chinatown/SCove/Bay Village	0	70	25025070200.0	Financial District	14706	9.407645	7.188826	070200
72	boston_income_73g.72	1086	444706.162	3678.352	25	25	70300	25025070300	15441	46	0.9765	107.31	0.168	0.434	444704.638	3678.336849	16	Back Bay	Boston	7	Chinatown/SCove/Bay Village	0	71	25025070300.0	Back Bay	99069	8.209118	15.035881	070300
73	boston_income_73g.73	1090	153778.266	2236.142	25	25	70700	25025070700	15455	20	1.0	38.0	0.059	0.154	153777.2043	2236.147167	3	South End	Boston	61A	South End - Columbus	0	73	25025070700.0	South End	81587	7.495566	13.443575	070700
74	boston_income_73g.74	1092	169188.664	1737.706	25	25	70900	25025070900	15462	22	1.0	41.81	0.065	0.169	169188.1466	1737.707482	3	South End	Boston	61B	South End - Shawmut	0	74	25025070900.0	South End	47543	6.334888	7.38639	070900
75	boston_income_73g.75	1093	368922.34	2777.635	25	25	71100	25025071100	15465	26	1.0	91.16	0.142	0.369	368922.9856	2777.613641	3	South End	Boston	61C	South End - Harrison Lenox	0	75	25025071100.0	South End	46250	4.754292	8.497807	071100
76	boston_income_73g.76	1095	1012109.453	5587.618	25	25	80100	25025080100	15472	51	1.0	250.1	0.391	1.012	1012113.446	5587.62013	4	Roxbury	Roxbury	53	Lower Roxbury	0	76	25025080100.0	Roxbury	32083	3.451568	8.034135	080100
77	boston_income_73g.78	1098	362170.211	2761.403	25	25	80500	25025080500	15482	30	1.0	89.49	0.14	0.362	362170.5274	2761.397571	4	Roxbury	Roxbury	61C	South End - Harrison Lenox	0	78	25025080500.0	Roxbury	16423	5.492775	6.549537	080500
78	boston_income_73g.79	1099	536159.367	5107.398	25	25	80600	25025080600	15486	26	1.0	132.49	0.207	0.536	536161.1159	5107.373822	4	Roxbury	Roxbury	53	Lower Roxbury	0	79	25025080600.0	Roxbury	16719	3.548017	2.055295	080600
79	boston_income_73g.80	1101	256093.075	2472.994	25	25	80900	25025080900	15493	17	1.0	63.28	0.099	0.256	256095.0795	2473.018008	6	Mission Hill	Mission Hill	47	Top/Back of Hill/Delle Av/RTH	0	80	25025080900.0	Mission Hill	39101	5.456092	8.320894	080900
80	boston_income_73g.81	1102	605370.126	4965.183	25	25	81000	25025081000	15498	41	1.0	149.59	0.234	0.605	605371.3611	4965.177168	6	Mission Hill	Mission Hill	47	Top/Back of Hill/Delle Av/RTH	0	81	25025081000.0	Mission Hill	32547	4.441223	8.768438	081000
81	boston_income_73g.82	1103	601673.479	4533.205	25	25	81100	25025081100	15503	22	0.961	142.89	0.223	0.578	601673.524	4533.171404	6	Mission Hill	Mission Hill	47	Top/Back of Hill/Delle Av/RTH	0	82	25025081100.0	Mission Hill	44118	3.438085	3.798671	081100
82	boston_income_73g.83	1104	285397.429	2429.937	25	25	81200	25025081200	15507	18	1.0	70.52	0.11	0.285	285397.4211	2429.928682	7	Jamaica Plain	Jamaica Plain	40	Hyde Square	0	83	25025081200.0	Jamaica Plain	21429	5.049345	6.437442	081200
83	boston_income_73g.91	1112	361544.45	2504.823	25	25	82100	25025082100	15543	20	1.0	89.34	0.14	0.362	361544.0443	2504.8216	4	Roxbury	Roxbury	55	Washington Park	0	91	25025082100.0	Roxbury	23793	5.069714	7.396447	082100
84	boston_income_73g.84	1105	573952.119	4073.793	25	25	81300	25025081300	15511	31	1.0	141.83	0.222	0.574	573955.6454	4073.784818	4	Roxbury	Roxbury	55	Washington Park	0	84	25025081300.0	Roxbury	17055	4.745954	4.395471	081300
85	boston_income_73g.85	1106	654572.633	4571.222	25	25	81400	25025081400	15516	42	1.0	161.75	0.253	0.655	654571.0702	4571.232605	4	Roxbury	Roxbury	52	Highland Park	0	85	25025081400.0	Roxbury	57756	4.046214	7.697157	081400
86	boston_income_73g.86	1107	350548.456	3583.202	25	25	81500	25025081500	15521	15	1.0	86.62	0.135	0.351	350548.6493	3583.19053	4	Roxbury	Roxbury	55	Washington Park	0	86	25025081500.0	Roxbury	53622	3.715331	8.90172	081500
87	boston_income_73g.87	1108	623291.694	3517.479	25	25	81700	25025081700	15524	33	1.0	154.02	0.241	0.623	623292.9202	3517.466891	4	Roxbury	Roxbury	55	Washington Park	0	87	25025081700.0	Roxbury	33937	4.248248	9.3572	081700
88	boston_income_73g.88	1109	370296.743	3053.494	25	25	81800	25025081800	15530	17	1.0	91.5	0.143	0.37	370296.3052	3053.490086	4	Roxbury	Roxbury	54	Sav-Mor	0	88	25025081800.0	Roxbury	46467	4.530189	2.77051	081800
89	boston_income_73g.89	1110	430681.069	3584.907	25	25	81900	25025081900	15534	28	1.0	106.42	0.166	0.431	430682.9105	3584.887061	4	Roxbury	Roxbury	55	Washington Park	0	89	25025081900.0	Roxbury	42791	3.85754	6.768461	081900
90	boston_income_73g.90	1111	385416.222	2560.27	25	25	82000	25025082000	15539	21	1.0	95.24	0.149	0.385	385414.7808	2560.266882	4	Roxbury	Roxbury	55	Washington Park	0	90	25025082000.0	Roxbury	31250	4.337243	11.468384	082000
91	boston_income_73g.92	1113	456973.451	3262.231	25	25	90100	25025090100	15548	34	1.0	112.92	0.176	0.457	456973.2277	3262.217475	1	Mattapan	Mattapan	30	Franklin Field North	0	92	25025090100.0	Mattapan	27181	4.696944	7.766527	090100
92	boston_income_73g.93	1114	274790.239	2483.455	25	25	90200	25025090200	15554	16	1.0	67.9	0.106	0.275	274790.6747	2483.43405	4	Roxbury	Roxbury	9	Dudley/Brunswick King	0	93	25025090200.0	Roxbury	31449	3.943752	8.132114	090200
93	boston_income_73g.94	1115	380934.578	2804.155	25	25	90300	25025090300	15558	22	1.0	94.13	0.147	0.381	380932.7131	2804.153345	4	Roxbury	Roxbury	9	Dudley/Brunswick King	0	94	25025090300.0	Roxbury	17936	4.010873	3.607465	090300
94	boston_income_73g.95	1116	429459.733	3106.994	25	25	90400	25025090400	15562	34	1.0	106.12	0.166	0.429	429461.202	3106.981606	4	Roxbury	Roxbury	9	Dudley/Brunswick King	0	95	25025090400.0	Roxbury	30580	5.201495	5.207666	090400
95	boston_income_73g.96	1117	301935.404	2702.696	25	25	90600	25025090600	15567	26	1.0	74.61	0.117	0.302	301933.6186	2702.690481	4	Roxbury	Roxbury	9	Dudley/Brunswick King	0	96	25025090600.0	Roxbury	49297	4.099438	8.030659	090600
96	boston_income_73g.97	1118	1081396.623	4303.137	25	25	90700	25025090700	15571	43	1.0	267.22	0.418	1.081	1081392.502	4303.121373	10	Dorchester	Dorchester	8	Columbia Pt/Savin Hill	0	97	25025090700.0	Dorchester	35060	3.297438	6.897321	090700
97	boston_income_73g.98	1121	426621.453	2708.127	25	25	91100	25025091100	15583	32	1.0	105.42	0.165	0.427	426619.4544	2708.108177	10	Dorchester	Dorchester	8	Columbia Pt/Savin Hill	0	98	25025091100.0	Dorchester	68063	5.374046	8.149782	091100
98	boston_income_73g.99	1123	259522.253	2461.11	25	25	91300	25025091300	15593	21	1.0	64.13	0.1	0.26	259523.5287	2461.102795	10	Dorchester	Dorchester	10	Uphams Corner/Jones Hill	0	99	25025091300.0	Dorchester	30345	4.64808	4.615873	091300
99	boston_income_73g.100	1126	315482.023	3108.351	25	25	91600	25025091600	15605	21	1.0	77.96	0.122	0.315	315482.4913	3108.339909	10	Dorchester	Dorchester	17	Meeting Housing Hill	0	100	25025091600.0	Dorchester	30489	4.9012	5.78934	091600
100	boston_income_73g.101	1128	433541.155	2682.401	25	25	91800	25025091800	15613	21	1.0	107.13	0.167	0.434	433541.5806	2682.416945	10	Dorchester	Dorchester	12	Bowdoin North/MtBowdoin	0	101	25025091800.0	Dorchester	41399	3.921332	8.832531	091800
101	boston_income_73g.102	1132	577381.513	3394.141	25	25	92200	25025092200	15633	36	1.0	142.67	0.223	0.577	577381.8808	3394.128675	10	Dorchester	Dorchester	16	Fields Corner West	0	102	25025092200.0	Dorchester	47679	3.938638	10.722032	092200
102	boston_income_73g.103	1134	601093.216	4093.696	25	25	92400	25025092400	15643	30	1.0	148.53	0.232	0.601	601096.1778	4093.685722	1	Mattapan	Mattapan	30	Franklin Field North	0	103	25025092400.0	Mattapan	24415	4.365547	3.343188	092400
103	boston_income_73g.104	1137	486909.228	3219.879	25	25	100300	25025100300	15659	31	1.0	120.32	0.188	0.487	486910.039	3219.884248	10	Dorchester	Dorchester	20	W Codman Hill/W. Lower Mills	0	104	25025100300.0	Dorchester	40673	4.131909	10.1735	100300
104	boston_income_73g.105	1140	558589.0	3390.965	25	25	100601	25025100601	15675	34	1.0	138.03	0.216	0.559	558590.5798	3390.963723	10	Dorchester	Dorchester	18	Neponset/Port Norfolk	0	105	25025100601.0	Dorchester	51948	4.509166	10.005837	100601
105	boston_income_73g.106	1144	982891.998	6204.3	25	25	100900	25025100900	15697	48	0.9848	239.19	0.374	0.968	982893.4654	6204.335997	10	Dorchester	Dorchester	20	W Codman Hill/W. Lower Mills	0	106	25025100900.0	Dorchester	59731	3.597799	12.795158	100900
106	boston_income_73g.107	1147	385343.393	2804.154	25	25	101101	25025101101	15714	20	1.0	95.22	0.149	0.385	385342.9763	2804.162534	1	Mattapan	Mattapan	44	Wellington Hill	0	107	25025101101.0	Mattapan	46195	4.387826	9.734146	101101
107	boston_income_73g.108	1150	1072027.565	6045.639	25	25	110200	25025110200	15731	17	0.9962	263.9	0.412	1.068	1072030.469	6045.625938	2	Roslindale	Roslindale	50	Lower Washington/Mt Hope	0	108	25025110200.0	Roslindale	50337	2.370304	6.352995	110200
108	boston_income_73g.109	1152	513020.608	3125.791	25	25	110401	25025110401	15736	26	1.0	126.77	0.198	0.513	513019.9466	3125.80455	2	Roslindale	Roslindale	50	Lower Washington/Mt Hope	0	109	25025110401.0	Roslindale	44205	3.913929	7.461705	110401
109	boston_income_73g.110	1155	690747.212	3799.374	25	25	110502	25025110502	15749	42	1.0	170.69	0.267	0.691	690747.7578	3799.372242	2	Roslindale	Roslindale	51	Metropolitan Hill/Beech St	0	110	25025110502.0	Roslindale	53970	4.010389	11.76058	110502
110	boston_income_73g.111	1159	2567266.469	7709.067	25	25	120102	25025120102	15765	44	0.9117	578.4	0.904	2.341	2567268.958	7709.076807	7	Jamaica Plain	Jamaica Plain	42	Jamaica Hills/Pond	0	111	25025120102.0	Jamaica Plain	143819	2.415507	17.714472	120102
111	boston_income_73g.112	1163	229711.032	2373.265	25	25	120500	25025120500	15787	20	1.0	56.76	0.089	0.23	229710.5045	2373.270696	7	Jamaica Plain	Jamaica Plain	40	Hyde Square	0	112	25025120500.0	Jamaica Plain	51708	5.112715	9.778821	120500
112	boston_income_73g.113	1164	259099.314	1981.412	25	25	120600	25025120600	15791	15	1.0	64.02	0.1	0.259	259099.2205	1981.40118	7	Jamaica Plain	Jamaica Plain	40	Hyde Square	0	113	25025120600.0	Jamaica Plain	80391	4.561868	12.160481	120600
113	boston_income_73g.114	1167	1363267.963	5443.627	25	25	130200	25025130200	15806	68	1.0	336.87	0.526	1.363	1363264.387	5443.630956	8	West Roxbury	West Roxbury	63	Brook Farm/VFW Parkway	0	114	25025130200.0	West Roxbury	84356	3.511015	16.591129	130200
114	boston_income_73g.121	1125	401245.491	2805.843	25	25	91500	25025091500	15601	22	1.0	99.15	0.155	0.401	401246.086	2805.858959	10	Dorchester	Dorchester	10	Uphams Corner/Jones Hill	0	121	25025091500.0	Dorchester	43559	5.308533	2.033868	091500
115	boston_income_73g.115	1171	2414997.795	6841.174	25	25	140102	25025140102	15830	64	0.9806	585.17	0.914	2.368	2414995.393	6841.187702	9	Hyde Park	Hyde Park	34	Georgetown	0	115	25025140102.0	Hyde Park	61150	2.650282	11.2587	140102
116	boston_income_73g.116	1174	1415320.761	7144.545	25	25	140201	25025140201	15843	35	0.9852	344.57	0.538	1.394	1415319.99	7144.551575	9	Hyde Park	Hyde Park	35	Readville	0	116	25025140201.0	Hyde Park	58947	2.452586	10.601607	140201
117	boston_income_73g.117	1119	1010840.774	5358.558	25	25	90900	25025090900	15576	24	1.0	249.78	0.39	1.011	1010845.738	5358.567065	10	Dorchester	Dorchester	8	Columbia Pt/Savin Hill	0	117	25025090900.0	Dorchester	30247	2.546895	7.920093	090900
118	boston_income_73g.118	1120	1207820.222	8332.045	25	25	91000	25025091000	15578	31	0.9895	295.33	0.461	1.195	1207820.035	8332.062113	10	Dorchester	Dorchester	8	Columbia Pt/Savin Hill	0	118	25025091000.0	Dorchester	65833	2.87587	11.277267	091000
119	boston_income_73g.119	1122	315559.0	2677.412	25	25	91200	25025091200	15589	22	1.0	77.98	0.122	0.316	315558.7173	2677.438026	10	Dorchester	Dorchester	10	Uphams Corner/Jones Hill	0	119	25025091200.0	Dorchester	52681	5.263303	6.056413	091200
120	boston_income_73g.120	1124	325617.45	2567.968	25	25	91400	25025091400	15597	23	1.0	80.46	0.126	0.326	325618.0061	2567.967656	10	Dorchester	Dorchester	10	Uphams Corner/Jones Hill	0	120	25025091400.0	Dorchester	40995	4.478927	5.415059	091400
121	boston_income_73g.122	1127	291585.64	2791.881	25	25	91700	25025091700	15609	17	1.0	72.05	0.113	0.292	291585.4396	2791.881099	10	Dorchester	Dorchester	17	Meeting Housing Hill	0	122	25025091700.0	Dorchester	42218	4.245786	7.081765	091700
122	boston_income_73g.123	1129	473089.387	2943.093	25	25	91900	25025091900	15617	28	1.0	116.9	0.183	0.473	473087.8007	2943.087961	10	Dorchester	Dorchester	12	Bowdoin North/MtBowdoin	0	123	25025091900.0	Dorchester	34358	4.249595	6.648435	091900
123	boston_income_73g.124	1130	489243.57	3585.434	25	25	92000	25025092000	15622	31	1.0	120.89	0.189	0.489	489245.3917	3585.419072	10	Dorchester	Dorchester	16	Fields Corner West	0	124	25025092000.0	Dorchester	41250	4.612267	5.319477	092000
124	boston_income_73g.125	1131	1272241.097	5669.207	25	25	92100	25025092100	15627	75	1.0	314.38	0.491	1.272	1272239.822	5669.216683	10	Dorchester	Dorchester	15	Fields Corner East	0	125	25025092100.0	Dorchester	42899	3.749519	6.301983	092100
125	boston_income_73g.126	1133	343543.386	2429.842	25	25	92300	25025092300	15638	29	1.0	84.89	0.133	0.344	343542.7551	2429.842236	10	Dorchester	Dorchester	13	Codman Sq/East Codman Hill	0	126	25025092300.0	Dorchester	34176	4.350245	8.245972	092300
126	boston_income_73g.127	1135	847202.433	3985.526	25	25	100100	25025100100	15648	40	1.0	209.35	0.327	0.847	847201.3386	3985.53583	1	Mattapan	Mattapan	31	Franklin Field South	0	127	25025100100.0	Mattapan	24717	3.792445	6.076978	100100
127	boston_income_73g.128	1136	362855.951	2795.703	25	25	100200	25025100200	15655	25	1.0	89.66	0.14	0.363	362854.4314	2795.6938	1	Mattapan	Mattapan	31	Franklin Field South	0	128	25025100200.0	Mattapan	36822	4.711089	9.796	100200
128	boston_income_73g.129	1138	616374.568	3668.192	25	25	100400	25025100400	15664	28	1.0	152.31	0.238	0.616	616373.86	3668.196371	10	Dorchester	Dorchester	11	Ashmont	0	129	25025100400.0	Dorchester	45933	4.27086	8.159196	100400
129	boston_income_73g.130	1139	868131.5	4393.078	25	25	100500	25025100500	15669	51	1.0	214.52	0.335	0.868	868134.2761	4393.098141	10	Dorchester	Dorchester	19	St Marks	0	130	25025100500.0	Dorchester	43935	4.061612	6.445579	100500
130	boston_income_73g.131	1141	902862.539	6181.592	25	25	100602	25025100602	15680	46	1.0	223.1	0.349	0.903	902868.6021	6181.615478	10	Dorchester	Dorchester	18	Neponset/Port Norfolk	0	131	25025100602.0	Dorchester	49966	3.110028	12.608821	100602
131	boston_income_73g.132	1142	1221775.899	5442.1	25	25	100700	25025100700	15684	55	0.994	300.1	0.469	1.214	1221772.158	5442.11756	10	Dorchester	Dorchester	14	East Lower Mills/Cedar Grove	0	132	25025100700.0	Dorchester	70033	3.277923	18.208415	100700
132	boston_income_73g.133	1143	1692734.054	7144.711	25	25	100800	25025100800	15690	59	1.0	418.28	0.654	1.693	1692728.536	7144.686524	10	Dorchester	Dorchester	14	East Lower Mills/Cedar Grove	0	133	25025100800.0	Dorchester	50839	3.030841	9.147821	100800
133	boston_income_73g.134	1145	1541102.144	5581.015	25	25	101001	25025101001	15703	62	1.0	380.81	0.595	1.541	1541102.553	5581.02041	1	Mattapan	Mattapan	43	Southern Mattapan	0	134	25025101001.0	Mattapan	55106	3.301906	9.493425	101001
134	boston_income_73g.135	1146	1178034.655	5111.706	25	25	101002	25025101002	15710	43	1.0	291.1	0.455	1.178	1178034.681	5111.714871	1	Mattapan	Mattapan	43	Southern Mattapan	0	135	25025101002.0	Mattapan	40296	3.308314	9.885043	101002
135	boston_income_73g.136	1148	553573.004	4273.487	25	25	101102	25025101102	15718	28	1.0	136.79	0.214	0.554	553572.8926	4273.489753	1	Mattapan	Mattapan	44	Wellington Hill	0	136	25025101102.0	Mattapan	35907	3.712241	8.794492	101102
136	boston_income_73g.137	1149	4985660.252	12248.739	25	25	110100	25025110100	15723	90	0.9927	1222.98	1.911	4.949	4985660.381	12248.72056	7	Jamaica Plain	Jamaica Plain	39	Forest Hills/Woodbourne	0	137	25025110100.0	Jamaica Plain	55000	2.263517	8.765473	110100
137	boston_income_73g.138	1151	789269.365	3972.567	25	25	110300	25025110300	15733	26	1.0	195.03	0.305	0.789	789269.7807	3972.568276	7	Jamaica Plain	Jamaica Plain	39	Forest Hills/Woodbourne	0	138	25025110300.0	Jamaica Plain	87115	3.177739	13.49372	110300
138	boston_income_73g.139	1153	934325.163	4399.224	25	25	110402	25025110402	15739	35	0.9918	228.98	0.358	0.927	934323.1068	4399.213075	2	Roslindale	Roslindale	51	Metropolitan Hill/Beech St	0	139	25025110402.0	Roslindale	61699	3.60202	12.335432	110402
139	boston_income_73g.140	1154	623831.764	3639.198	25	25	110501	25025110501	15745	43	1.0	154.15	0.241	0.624	623831.0802	3639.20327	2	Roslindale	Roslindale	51	Metropolitan Hill/Beech St	0	140	25025110501.0	Roslindale	83487	3.760743	15.07317	110501
140	boston_income_73g.141	1156	1411215.648	5089.873	25	25	110601	25025110601	15753	44	1.0	348.72	0.545	1.411	1411214.257	5089.870382	8	West Roxbury	West Roxbury	63	Brook Farm/VFW Parkway	0	141	25025110601.0	West Roxbury	84038	2.737978	17.351136	110601
141	boston_income_73g.142	1157	1479708.971	5770.02	25	25	110602	25025110602	15756	49	1.0	365.64	0.571	1.48	1479712.085	5770.0175	2	Roslindale	Roslindale	49	Centre South	0	142	25025110602.0	Roslindale	72500	3.179845	16.515283	110602
142	boston_income_73g.143	1158	1316020.878	5365.111	25	25	120101	25025120101	15761	33	0.999	324.86	0.508	1.315	1316016.563	5365.093066	7	Jamaica Plain	Jamaica Plain	42	Jamaica Hills/Pond	0	143	25025120101.0	Jamaica Plain	68910	2.426327	12.137554	120101
143	boston_income_73g.144	1160	699872.189	3713.262	25	25	120200	25025120200	15771	28	1.0	172.94	0.27	0.7	699867.4706	3713.263672	7	Jamaica Plain	Jamaica Plain	41	Jamaica Central/South/Sumner	0	144	25025120200.0	Jamaica Plain	55000	3.415693	10.817836	120200
144	boston_income_73g.145	1161	579309.652	3291.768	25	25	120300	25025120300	15775	37	1.0	143.15	0.224	0.579	579308.5606	3291.764594	7	Jamaica Plain	Jamaica Plain	38	Egleston Square	0	145	25025120300.0	Jamaica Plain	58447	4.587932	8.250474	120300
145	boston_income_73g.146	1162	1019136.615	5565.516	25	25	120400	25025120400	15781	59	1.0	251.83	0.393	1.019	1019136.769	5565.506681	7	Jamaica Plain	Jamaica Plain	41	Jamaica Central/South/Sumner	0	146	25025120400.0	Jamaica Plain	77969	4.480417	10.90844	120400
146	boston_income_73g.147	1165	367166.712	3812.926	25	25	120700	25025120700	15795	9	0.987	89.55	0.14	0.362	367165.9897	3812.91504	7	Jamaica Plain	Jamaica Plain	42	Jamaica Hills/Pond	0	147	25025120700.0	Jamaica Plain	54679	3.393337	10.543404	120700
147	boston_income_73g.148	1166	4417059.236	10618.264	25	25	130100	25025130100	15798	99	1.0	1091.48	1.705	4.417	4417057.72	10618.27259	8	West Roxbury	West Roxbury	63	Brook Farm/VFW Parkway	0	148	25025130100.0	West Roxbury	71818	2.329086	15.59941	130100
148	boston_income_73g.149	1168	1566302.095	5457.196	25	25	130300	25025130300	15812	83	1.0	387.04	0.605	1.566	1566301.764	5457.187637	8	West Roxbury	West Roxbury	62	Bellevue Hill	0	149	25025130300.0	West Roxbury	93229	3.341745	17.225778	130300
149	boston_income_73g.150	1169	3220195.43	8883.915	25	25	130401	25025130401	15818	65	0.9927	789.89	1.234	3.197	3220199.16	8883.910732	8	West Roxbury	West Roxbury	64	Upper Washington/Spring St	0	150	25025130401.0	West Roxbury	47484	2.636581	10.799013	130401
150	boston_income_73g.151	1170	2222486.472	8054.903	25	25	130402	25025130402	15824	88	0.954	523.91	0.819	2.12	2222486.753	8054.90452	8	West Roxbury	West Roxbury	64	Upper Washington/Spring St	0	151	25025130402.0	West Roxbury	71798	2.869577	13.612589	130402
151	boston_income_73g.152	1172	959405.197	4029.722	25	25	140103	25025140103	15835	36	1.0	237.07	0.37	0.959	959408.1776	4029.730773	9	Hyde Park	Hyde Park	37	West St/River St	0	152	25025140103.0	Hyde Park	64671	3.132129	12.421247	140103
152	boston_income_73g.153	1173	2942355.995	7931.729	25	25	140104	25025140104	15838	44	0.9934	722.26	1.129	2.923	2942351.313	7931.750461	2	Roslindale	Roslindale	51	Metropolitan Hill/Beech St	0	153	25025140104.0	Roslindale	43395	2.275856	11.318467	140104
153	boston_income_73g.154	1175	1572869.063	5697.452	25	25	140202	25025140202	15846	64	1.0	388.66	0.607	1.573	1572870.408	5697.429349	9	Hyde Park	Hyde Park	33	Fairmount Hills	0	154	25025140202.0	Hyde Park	59951	3.098308	11.24339	140202
154	boston_income_73g.155	1176	1575282.651	7371.836	25	25	140300	25025140300	15852	92	1.0	389.26	0.608	1.575	1575285.837	7371.853437	9	Hyde Park	Hyde Park	36	Stoney Brook/Cleary Square	0	155	25025140300.0	Hyde Park	38482	3.51423	9.56277	140300
155	boston_income_73g.156	1177	1878088.536	8340.682	25	25	140400	25025140400	15859	74	1.0	464.09	0.725	1.878	1878088.603	8340.695552	9	Hyde Park	Hyde Park	37	West St/River St	0	156	25025140400.0	Hyde Park	53505	3.240264	12.281224	140400
